GS:8,8
+,0,144,1;-,2,15,0;*,2,15,0;*,2,15,0;*,3,15,0;+,1,15,0;*,2,15,0;-,0,15,0;
/,2,15,0;/,2,158,1;-,2,15,0;-,4,15,0;-,2,15,0;/,2,15,0;/,2,15,0;+,1,15,0;
*,2,15,0;/,2,15,0;*,2,15,0;+,3,15,0;-,5,15,0;*,4,15,0;+,4,15,0;-,3,15,0;
-,1,15,0;/,2,15,0;/,2,15,0;*,3,15,0;/,3,15,0;/,2,15,0;-,3,15,0;+,4,15,0;
*,3,15,0;+,3,15,0;/,3,15,0;*,0,15,0;*,4,15,0;-,6,15,0;/,2,15,0;*,2,15,0;
-,2,15,0;/,3,15,0;/,3,15,0;-,4,15,0;-,5,15,0;+,5,15,0;+,5,15,0;/,2,15,0;
*,3,15,0;*,2,15,0;*,3,15,0;-,1,15,0;-,3,15,0;/,3,15,0;+,5,174,1;*,3,15,0;
*,3,15,0;+,1,15,0;-,3,15,0;/,2,15,0;-,4,15,0;+,4,15,0;*,2,15,0;+,0,160,1;
P1:1,1,0
P2:6,6,5
AM:1
